 	New York	Alaska	Georgia	Maryland	Louisiana	Montana	North Dakota	Idaho	Massachusetts	Nevada	West Virginia	Wyoming	South Carolina	Ohio	Colorado	Iowa	Pennsylvania	Connecticut	Hawaii	Texas	Indiana	Mississippi	Missouri	Michigan	Nebraska	Arkansas	Kentucky	Wisconsin	New Hampshire	Alabama	Vermont	Tennessee	Oklahoma	Washington	Arizona	Maine	Rhode Island	North Carolina	Virginia	California	Minnesota	Oregon	Utah	New Mexico	South Dakota	Illinois	Florida	Kansas	New Jersey	Delaware
New York		4596.65	1498.22	346.17	2017.01	2201.13	1789.15	2908.73	168.59	3678.81	807.11	1942.99	895.04	701.64	1956.35	1194.58	356.81	103.03	2914.92	2091.53	830.50	1664.21	1352.59	731.82	1475.32	1538.70	942.02	1070.31	188.50	1511.21	2275.44	1042.87	2132.96	3446.06	2923.22	281.12	187.94	700.96	494.85	3686.30	1340.58	3380.08	2476.15	2821.10	1469.55	1046.24	1249.42	1409.55	212.31	277.86
Alaska	4706.62		4546.65	4608.00	4863.30	2791.38	3205.71	2781.08	4963.93	3176.05	4485.40	3242.87	4782.48	4196.00	3341.74	3826.26	4554.78	4833.81	1245.51	4561.35	4014.09	4824.18	3857.49	4090.40	3642.56	4669.48	4177.13	3519.54	5002.63	5068.24	2607.08	650.93	4209.40	2329.29	3783.60	5064.11	4916.40	4923.19	4794.41	3086.83	3248.97	2487.54	3039.44	3734.49	3616.73	3775.63	5254.06	3806.67	4745.11	4765.78
Georgia	1453.81	5363.31		775.28	552.38	2408.26	1827.08	2715.37	1218.18	2682.35	693.19	1956.60	221.83	797.92	1853.42	1102.38	852.52	1088.05	1660.50	1095.07	668.55	393.12	1087.57	936.38	1210.30	796.29	562.38	1108.24	1256.88	161.64	2193.02	728.58	1136.51	3252.71	1926.76	1318.36	1170.65	478.68	627.78	2689.84	1378.51	3186.72	2377.70	1824.64	1382.15	777.94	271.62	1144.53	910.23	842.65
Maryland	344.92	4542.12	750.95		1585.65	2146.60	1734.62	2854.20	446.11	3247.44	375.92	1888.46	545.91	428.10	2418.51	1140.05	79.36	315.98	540.90	1660.16	654.78	1232.85	1298.06	677.29	1420.79	1107.34	624.03	1015.78	484.81	1079.85	3313.84	2670.08	1701.60	3391.53	2491.86	546.29	398.58	351.84	145.73	3254.94	1286.05	3325.55	2942.79	2389.73	1415.03	991.71	900.30	1355.02	138.16	70.58
Louisiana	1979.42	5025.53	555.13	1629.74		2070.48	2473.25	2377.59	2236.74	2344.57	1218.80	1618.81	776.37	1323.53	1515.64	1009.32	1607.42	2106.61	3703.43	757.29	1194.17	167.15	812.32	1461.99	1006.85	488.48	1087.99	1269.48	2275.44	410.27	52.71	1225.85	798.72	2914.92	1588.98	2336.92	2189.21	1656.60	1527.82	2352.06	1539.75	2848.93	2039.91	1486.85	1178.70	935.08	443.90	869.14	1725.97	1697.11
Montana	2311.07	2639.06	2151.11	2212.45	2075.32		417.73	708.18	2568.38	1068.55	2089.85	454.89	2386.93	1800.45	553.76	1038.28	2159.24	2438.26	688.91	1773.37	1618.55	2036.20	1069.51	1694.85	854.58	1881.49	1781.58	1123.99	2607.08	2280.26	3943.58	428.33	1421.42	1245.51	1454.35	2668.56	2520.86	2527.65	2398.87	1171.30	853.42	1179.52	641.09	946.51	828.75	1380.08	2466.08	1018.69	2349.56	2370.24
North Dakota	1897.01	3054.05	1737.05	1798.39	2476.66	415.57		1123.17	2154.32	1483.54	1675.79	856.23	1972.87	1386.39	955.10	672.01	1745.18	2024.20	3443.19	2174.70	1204.49	1903.04	760.80	1280.80	616.97	1550.88	1367.52	709.93	2193.02	1750.04	875.51	3081.07	959.32	1660.50	1855.68	2254.50	2106.80	2113.59	1984.81	1586.29	439.37	1594.52	1056.09	1347.85	403.46	966.03	1951.13	743.29	1935.51	1956.18
Idaho	3017.83	2779.80	2731.70	2919.21	2381.90	710.15	1124.49		3275.14	450.58	2796.61	1161.65	3093.69	2507.21	864.00	1745.04	2865.99	3145.02	1272.31	2079.95	2325.31	2342.78	1776.27	2401.61	1561.34	2188.08	2488.34	1830.75	3313.84	2586.84	2265.68	1759.08	1728.00	540.90	1083.06	3375.32	3227.62	3234.41	3105.63	553.33	1560.18	474.92	338.90	1253.10	1535.50	2086.84	2772.67	1408.20	3056.32	3077.00
Massachusetts	168.06	4854.02	1201.90	448.00	2274.38	2458.50	2046.52	3166.10		3936.18	841.77	2200.36	996.87	959.02	2213.72	1451.96	458.64	134.45	3476.40	2348.90	1087.87	1921.58	1609.96	989.19	1732.69	1796.07	1199.39	1327.68	52.71	1768.58	1034.63	781.25	2390.33	3703.43	3180.59	106.65	46.71	802.80	596.68	3943.67	1597.95	3637.45	2733.52	3078.47	1726.93	1303.61	1351.25	1666.92	314.14	379.69
Nevada	3647.57	3174.69	2700.25	3297.89	2350.45	1069.56	1483.90	449.85	3904.88		2886.95	1091.83	2921.49	2991.68	995.46	1661.62	3275.56	3774.76	2937.34	2048.50	2862.31	2311.33	1603.21	3130.13	1477.93	2156.62	2756.14	2190.16	3943.58	2555.39	540.90	868.60	1982.94	688.91	754.26	4005.06	3857.36	3324.75	3195.97	130.03	1919.59	531.03	546.37	1384.56	1894.91	1904.22	2741.21	1539.66	3394.11	3365.25
West Virginia	807.86	4263.50	692.25	412.06	1211.04	2021.71	1455.99	2905.86	836.81	2872.84		1614.65	419.21	184.88	2043.91	1039.05	389.45	706.68	1401.15	1285.56	355.60	858.24	1024.25	430.91	1146.97	732.73	249.43	737.15	875.51	705.24	3703.43	2290.84	1326.99	3443.19	2117.25	936.99	789.28	461.72	310.13	2880.33	1007.42	3377.21	2568.18	2015.13	1318.83	714.62	906.33	1081.21	508.00	479.42
Wyoming	1969.66	3091.58	1972.54	1871.05	1622.75	453.09	855.86	734.98	2226.98	1091.51	1614.31		2193.79	1459.04	101.19	629.33	1817.83	2096.85	2281.02	1320.79	1166.72	1583.63	660.56	1353.45	445.64	1428.92	1306.04	909.95	2265.68	1827.69	688.91	1096.68	968.84	1272.31	1001.77	2327.15	2179.45	2052.11	1923.33	1223.35	1291.55	1206.32	437.90	493.94	593.34	899.59	2013.51	609.74	2008.16	2028.83
South Carolina	894.74	4832.74	224.21	553.04	776.07	2283.18	2025.23	2939.07	995.93	2906.05	421.40	2180.30		606.12	2077.12	1300.53	630.28	865.81	3336.03	1318.77	653.71	616.81	1285.72	921.53	1408.45	994.44	547.53	1306.39	1034.63	378.99	3443.19	2312.15	1360.20	3476.40	2150.46	1096.11	948.41	256.44	405.53	2913.54	1576.66	3410.42	2601.39	2048.34	1580.30	976.09	406.97	1342.68	687.99	620.41
Ohio	698.57	4087.93	799.45	428.02	1318.24	1692.40	1280.42	2400.01	955.88	2980.04	185.57	1434.26	604.16		2151.11	685.86	417.36	825.76	3575.28	1392.76	239.40	965.44	843.86	258.57	966.59	839.93	350.93	561.58	994.58	812.44	1272.31	937.95	1434.19	2937.34	2224.45	1056.06	908.36	646.67	495.08	2987.53	831.85	2871.35	2675.38	2122.32	960.83	537.52	1013.53	900.83	535.91	506.03
Colorado	1982.75	3511.75	1870.91	2468.55	1521.11	551.86	954.63	863.81	2240.06	996.76	2057.61	100.20	2092.15	2162.33		670.08	2446.22	2109.94	1096.21	1219.16	2032.97	1481.99	602.85	1366.53	486.38	1327.28	1926.79	950.70	2278.76	1726.05	3476.40	853.31	867.21	1401.15	900.14	2340.24	2192.54	2495.41	2366.62	1128.60	877.30	1335.16	526.14	392.30	636.16	912.67	1911.87	539.30	2564.77	2535.91
Iowa	1326.43	3489.68	1100.88	1227.81	1011.27	1036.09	676.87	1743.69	1583.74	1660.53	1039.63	629.02	1336.71	815.81	670.11		1174.59	1453.62	2634.06	986.27	592.04	1266.88	199.44	710.21	189.19	914.72	731.36	281.32	1622.44	1113.88	2937.34	897.89	572.49	2281.02	1802.05	1683.92	1536.22	1477.43	1348.65	1792.37	244.88	2215.03	1189.91	1016.95	280.68	324.91	1314.96	258.87	1364.92	1385.60
Pennsylvania	354.45	4486.63	834.09	79.02	1596.57	2091.10	1679.12	2798.70	455.64	3258.37	386.85	1832.96	629.06	414.99	2429.44	1084.56		325.52	2756.80	1671.09	720.47	1243.77	1242.56	621.79	1365.29	1118.26	634.96	960.28	494.34	1090.77	1401.15	3023.34	1712.52	3336.03	2502.78	555.82	408.12	434.99	228.87	3265.86	1230.55	3270.05	2953.72	2400.66	1359.53	936.21	983.44	1299.52	143.40	94.78
Connecticut	102.13	4725.87	1073.75	319.85	2146.23	2330.34	1918.36	3037.94	134.07	3808.02	713.62	2072.20	868.71	830.86	2085.57	1323.80	330.49		2861.44	2220.74	959.71	1793.43	1481.80	861.04	1604.53	1667.92	1071.24	1199.52	172.77	1640.43	2281.02	278.80	2262.18	3575.28	3052.43	234.25	86.55	674.64	468.52	3815.52	1469.79	3509.29	2605.37	2950.31	1598.77	1175.45	1223.09	1538.76	185.99	251.53
Hawaii	3230.29	4477.41	7224.89	7792.75	2123.12	212.45	521.30	1002.32	8171.81	1822.32	1038.23	2012.90	2002.20	2010.12	5371.40	2196.32	902.12	1102.67		6263.11	6976.62	2322.56	3493.43	3221.43	2233.35	552.50	3023.45	502.21	1055.21	901.67	3336.03	724.28	705.32	1096.21	4674.19	4173.02	1583.63	660.56	1353.45	445.64	1428.92	1306.04	1054.49	2649.05	1840.02	1286.96	780.79	449.82	724.18	471.23
Texas	2052.90	4744.66	961.81	1703.22	612.16	1789.62	2192.39	2096.73	2310.22	2063.70	1292.28	1337.95	1183.06	1397.01	1234.77	971.43	1680.89	2180.09	1961.77		1267.65	572.90	774.43	1535.47	955.38	561.96	1161.47	1342.96	2348.92	816.96	3575.28	1374.77	517.86	2634.06	1308.11	2410.40	2262.69	1730.08	1601.30	2071.19	1613.23	2568.07	1759.05	1205.99	1140.81	1008.56	1002.78	812.54	1799.45	1770.59
Indiana	827.66	3907.40	670.39	654.73	1189.18	1511.87	1099.89	2219.47	1084.97	2850.98	359.31	1168.56	656.39	239.65	2022.05	505.33	675.82	954.85	246.76	1263.70		836.38	578.16	275.82	700.89	710.87	114.19	381.05	1123.67	683.38	1096.21	858.79	1305.13	2756.80	2095.39	1185.15	1037.44	797.11	668.33	2858.47	651.32	2690.82	2546.32	1993.27	780.30	268.53	884.47	635.12	866.15	886.82
Mississippi	1619.13	4972.04	392.18	1269.45	162.71	2016.99	2419.76	2324.10	1876.45	2291.08	858.51	1565.33	613.43	963.24	1462.15	955.83	1247.13	1746.32	1134.13	703.80	833.88		758.83	1101.70	953.36	291.77	727.70	1273.56	1915.15	247.33	2634.06	950.46	745.23	2861.44	1535.49	1976.63	1828.92	992.80	1167.53	2298.57	1543.83	2795.45	1986.43	1433.37	1125.22	943.26	433.15	815.66	1365.68	1336.82
Missouri	1379.54	3707.11	1085.44	1280.93	814.03	1068.62	761.94	1462.82	1636.85	1595.78	1024.19	661.56	1321.27	868.92	602.93	199.66	1227.71	1506.73	2000.16	789.03	576.60	774.91		763.33	193.89	414.91	715.92	645.36	1675.56	1098.44	2756.80	2294.25	375.25	2000.16	1604.81	1737.03	1589.33	1461.99	1333.20	2367.89	443.63	1934.17	1125.15	904.90	365.75	309.47	1299.52	62.54	1418.04	1438.71
Michigan	729.58	3978.54	943.42	630.96	1462.22	1583.01	1171.03	2290.61	986.89	3124.01	446.78	1324.87	929.43	270.13	1338.24	576.47	577.74	856.77	2827.95	1536.73	275.70	1109.42	734.47		857.20	983.91	387.23	452.19	1025.59	956.42	2861.44	4274.28	1578.17	2827.95	2368.42	1087.07	939.37	1070.15	734.82	3131.50	722.46	2761.96	1858.04	2266.30	851.44	428.13	1157.51	791.43	768.07	788.75
Nebraska	1502.12	3490.71	1208.02	1403.50	1008.08	852.22	616.86	1559.83	1759.43	1476.67	1146.76	445.16	1443.84	991.50	486.25	189.28	1350.28	1629.31	2097.16	983.08	699.17	968.96	193.02	885.90		608.96	838.49	469.90	1798.13	1221.01	2000.16	441.89	436.58	2097.16	1666.14	1859.61	1711.91	1584.56	1455.78	1608.51	435.75	2031.17	1006.05	832.13	228.90	432.04	1422.10	165.19	1540.61	1561.29
Arkansas	1494.17	4825.64	795.03	1144.49	482.88	1870.59	1176.98	2177.70	1751.48	2144.68	733.54	1418.93	1030.62	838.27	1315.75	719.42	1122.16	1621.36	2715.03	557.40	708.91	294.29	414.40	976.73	608.93		602.73	784.22	1790.18	538.35	2827.95	837.27	598.83	2715.03	1389.09	1851.66	1703.96	1171.34	1042.56	2152.17	1054.49	2649.05	1840.02	1286.96	780.79	449.82	724.18	471.23	1240.71	1211.85
Kentucky	934.53	4022.77	556.18	656.05	1074.98	1627.24	1215.26	2769.80	1191.84	2736.77	245.11	1306.98	542.19	285.10	1907.84	620.70	633.72	1061.72	3307.13	1149.49	114.87	722.18	716.58	382.70	839.31	596.67		496.42	1230.54	569.18	1981.18	661.05	1190.93	3307.13	1981.18	1292.02	1144.32	682.91	554.12	2744.27	766.69	3241.14	2432.12	1879.06	895.67	406.95	770.27	773.54	973.02	723.41
Wisconsin	1192.61	3533.39	1032.65	1093.99	1324.79	1137.87	725.89	1845.47	1449.92	2205.84	971.39	910.19	1268.47	681.99	951.27	281.08	1040.78	1319.80	2382.80	1399.31	500.09	1198.64	567.97	576.40	470.35	846.48	663.12		1488.62	1045.64	2231.00	2697.70	941.02	2382.80	2231.00	1550.10	1402.40	1409.19	1280.41	2994.08	277.32	2316.82	1778.39	2128.87	411.84	261.63	1246.73	624.93	1231.11	1251.78
New Hampshire	189.51	4894.21	1242.09	488.19	2314.57	2498.69	2086.71	3206.29	52.52	3976.37	881.96	2240.55	1037.06	999.20	2253.91	1492.14	498.83	174.64	3743.62	2389.09	1128.05	1961.77	1650.15	1029.38	1772.87	1836.26	1239.58	1367.87		1808.77	3220.78	2656.83	2430.52	3743.62	3220.78	94.41	103.38	842.98	636.87	3983.86	1638.14	3677.63	2773.71	3118.65	1767.11	1343.80	1391.44	1707.11	354.33	419.88
Alabama	1465.47	5216.95	160.55	1115.78	406.02	2261.91	1838.73	2569.02	1722.78	2535.99	704.84	1810.24	376.18	809.57	1707.06	1114.03	1093.46	1592.66	2282.24	948.71	680.21	246.76	1003.75	948.03	1221.95	536.68	574.03	1119.90	1761.48		2021.12	777.77	990.15	3106.35	1780.41	1822.96	1675.26	633.03	782.13	2543.49	1390.17	3040.36	2231.34	1678.28	1393.81	789.59	200.40	1060.57	1212.01	1183.15
Vermont	2893.57	2486.08	3202.95	3390.46	2853.15	1181.40	1595.74	475.24	3746.39	530.73	438.42	2615.33	2685.51	526.38	1192.54	2969.39	3077.36	3682.22	1742.33	2556.14	2005.16	1134.13	2333.96	2556.14	2005.16	1134.13	2333.96	1008.84	2991.20	2881.29		2298.10	2687.97	3032.92	1681.38	1258.06	1305.70	641.38	1959.56	1870.93	1948.45	1800.75	1807.54	1678.76	1885.35	722.46	2761.96	1858.04	2266.30	851.44
Tennessee	1176.60	4357.37	278.59	826.91	997.38	1807.82	1549.87	2692.20	1433.91	2659.18	415.97	1400.76	465.59	520.70	1830.25	825.16	804.59	1303.79	3630.89	1071.90	391.34	435.46	810.36	659.16	933.08	519.07	285.16	831.03	1472.61	282.46	2199.25		1113.33	3229.53	1903.59	1534.09	1386.39	752.68	724.99	2666.67	1101.30	3163.55	2354.52	1801.46	1104.94	500.73	483.55	867.32	923.14	894.28
Oklahoma	1828.06	4341.24	1155.68	1478.38	805.88	1386.19	959.19	1693.30	2085.37	1984.16	1067.44	934.52	1376.93	1172.17	831.35	572.29	1456.05	1955.25	2167.50	519.12	1042.80	766.76	375.29	1310.62	436.37	342.85	936.63	1017.99	2124.07	1010.82	1390.38	1032.86		2230.63	1228.57	2185.55	2037.85	1505.24	1376.46	1991.65	816.25	2164.64	1355.62	676.26	640.15	682.09	1196.65	293.53	1574.61	1545.74
Washington	3555.03	2328.07	3268.91	3456.42	2919.11	1247.36	1661.70	541.20	3812.35	689.29	3333.81	1698.86	3630.89	3044.41	1401.21	2282.24	3403.20	3682.22	1099.33	2617.16	2862.51	2879.99	2313.47	2938.82	2098.55	2725.28	3025.55	2367.96	3851.05	3124.05	675.68	923.40	2265.21		1620.27	3912.53	3764.82	3771.61	3642.83	691.50	2097.39	159.55	876.11	1790.30	2072.71	2624.05	3309.87	1945.41	3593.53	3614.20
Arizona	2893.57	3695.92	1946.25	2543.89	1596.45	1351.63	1765.97	1047.98	3150.89	742.67	2132.95	1003.97	2167.50	2237.68	900.79	1802.39	2521.56	3020.76	951.32	1294.50	2108.31	1557.33	1605.38	2376.14	1666.47	1402.63	2002.14	2183.63	3189.59	1801.40	641.38	2287.45	1228.94	1585.32		3251.07	3103.36	2570.75	2441.97	763.13	2453.90	1519.33	710.31	514.44	1870.25	1849.23	1987.22	1523.63	2640.12	2611.26
Maine	281.14	4956.48	1304.36	550.46	2376.84	2560.96	2148.98	3268.56	106.77	4038.64	944.23	2302.82	1099.33	1061.47	2316.18	1554.41	561.10	236.91	255.22	2451.36	1190.33	2024.04	1712.42	1091.65	1835.15	1898.53	1301.85	1430.14	94.20	1871.04	683.67	2693.39	2492.79	3805.89	3283.05		153.65	905.26	699.14	4046.13	1700.41	3739.91	2835.98	3180.93	1829.39	1406.07	1453.71	1769.38	416.60	482.15
Rhode Island	189.35	4808.48	1156.35	402.46	2228.84	2412.95	2000.97	3120.55	47.72	3890.63	796.22	2154.81	951.32	913.47	2168.17	1406.41	413.09	88.90	401.65	2303.35	1042.32	1876.04	1564.41	943.64	1687.14	1750.53	1153.84	1282.13	103.76	1723.04	1174.69	879.51	2344.79	3657.88	3135.04	153.34		757.25	551.13	3898.12	1552.40	3591.90	2687.97	3032.92	1681.38	1258.06	1305.70	1621.37	268.60	334.14
North Carolina	700.18	4995.77	460.25	358.48	1011.14	2446.22	2188.27	3330.60	801.37	3297.58	462.14	2039.16	255.22	646.86	2468.65	1463.57	435.71	671.25	2931.72	1710.30	801.45	851.87	1448.76	1069.27	1571.49	1157.47	695.28	1469.43	840.07	639.77	294.21	783.97	1751.73	3867.93	2541.99	901.55	753.85		210.97	3305.07	1739.70	3801.95	2992.92	2439.87	1743.34	1139.13	609.60	1505.72	493.42	425.84
Virginia	492.69	4573.47	606.68	150.99	1521.02	2331.68	1765.97	3215.84	593.88	3182.81	310.14	1924.62	401.65	494.86	2353.89	1349.03	228.22	463.76	1539.57	1595.54	665.58	1168.22	1334.22	782.22	1456.95	1042.71	559.40	1047.13	632.58	786.19	695.28	712.29	1636.97	3753.17	2427.23	694.06	546.36	207.57		3190.31	1317.40	3687.18	2878.16	2325.10	1628.81	1024.59	756.03	1391.18	285.93	218.35
California	3657.80	3086.62	2710.48	3308.12	2360.68	1173.21	1587.55	553.50	3915.11	130.04	2897.18	1224.26	2931.72	3001.90	1127.89	1794.06	3285.79	3784.99	3564.93	2058.73	2872.54	2321.56	1735.64	3140.36	1610.36	2166.85	2766.36	2293.81	3953.81	2565.62	559.40	1855.76	1993.17	691.13	764.49	4015.29	3867.59	3334.98	3206.19		2023.24	533.24	650.02	1516.99	1998.56	2613.45	2751.44	1672.10	3404.34	3375.48
Minnesota	1463.71	3257.01	1303.75	1365.09	1595.89	861.48	449.50	1569.08	1721.02	1929.45	1242.49	1038.36	1539.57	953.09	877.50	244.84	1311.87	1590.90	2615.33	1670.40	771.19	1469.74	443.40	847.49	435.99	1117.58	934.22	276.63	1759.72	1316.74	2766.36	391.87	816.45	2106.41	2502.10	1821.20	1673.50	1680.29	1551.51	2032.20		2040.43	1502.00	1263.75	242.10	532.72	1517.83	503.80	1502.20	1522.88
Oregon	3489.07	2486.08	3202.95	3390.46	2853.15	1181.40	1595.74	475.24	3746.39	530.73	3267.86	1632.90	3564.93	2978.46	1335.25	2216.28	3337.24	3616.26	2066.14	2551.20	2796.55	2814.03	2247.51	2872.86	2032.59	2659.32	2959.59	2302.00	3785.09	3058.09	934.22	798.99	2199.25	159.29	1554.31	3846.57	3698.86	3705.65	3576.87	532.94	2031.43		810.15	1724.34	2006.75	2558.09	3243.91	1879.45	3527.57	3548.24
Utah	2950.17	2986.79	2394.08	2991.72	2044.28	642.50	1056.84	338.85	3207.48	546.82	2580.78	438.42	2615.33	2685.51	526.38	1192.54	2969.39	3077.36	1666.82	1742.33	2556.14	2005.16	1134.13	2333.96	1008.84	1850.46	2449.97	1763.10	3246.19	2249.22	2959.59	1025.59	1390.38	876.18	745.44	3307.66	3159.96	3018.58	2889.80	649.57	1492.53	810.20		915.47	1467.85	1435.14	2435.05	1070.58	2988.67	3059.08
New Mexico	2792.22	3902.86	1844.89	2442.53	1495.10	947.81	1350.58	1254.92	3049.53	1387.87	2031.59	496.14	2066.14	2136.32	392.97	1015.09	2420.21	2919.41	1012.10	1193.14	2006.96	1455.98	772.01	2274.78	830.71	1301.27	1900.78	2082.27	3088.23	1700.04	2449.97	1099.76	675.68	1792.25	516.42	3149.71	3002.00	2469.39	2340.61	1519.71	1268.30	1726.26	917.24		1027.16	1747.87	1885.86	839.65	2538.76	2509.90
South Dakota	1590.96	3241.11	1431.00	1492.35	1180.15	714.62	403.43	1422.23	1848.28	1782.60	1369.74	593.34	1666.82	1080.34	636.20	281.08	1439.13	1718.15	1605.38	1155.15	898.44	1141.03	365.09	974.75	229.34	781.04	1061.47	413.04	1886.98	1443.99	1900.78	349.24	641.38	1959.56	1870.93	1948.45	1800.75	1807.54	1678.76	1885.35	241.54	1893.57	1072.17	1031.15		659.98	1645.08	347.58	1629.46	1650.13
Illinois	1070.61	3862.78	776.28	972.00	1068.42	1308.08	1055.28	2015.69	1327.93	2730.22	715.02	901.02	1012.10	559.99	914.39	325.43	918.78	1197.80	1712.42	1142.94	267.43	942.27	310.62	454.40	433.35	590.11	406.75	336.44	1366.63	789.27	1061.47	284.52	683.67	2553.02	1974.63	1428.10	1280.40	1152.82	1024.04	2737.71	606.71	2487.03	1434.19	1872.50	605.20		990.36	367.58	1109.11	1129.78
Florida	1249.48	5401.50	271.23	907.78	590.56	2446.45	2039.88	2753.56	1350.67	2720.53	905.99	1994.78	365.16	1010.71	1891.61	1315.18	985.02	1220.55	1564.41	1133.26	881.35	431.30	1188.29	1149.17	1423.10	721.22	775.17	1321.04	1389.38	200.24	406.75	3081.07	1174.69	3290.89	1964.95	1450.85	1303.15	611.18	760.27	2728.03	1591.31	3224.90	2415.88	1862.82	1594.95	990.74		1245.11	1042.73	975.15
Kansas	1438.67	3655.26	1144.57	1340.06	869.89	1016.78	743.70	1399.61	1695.98	1532.56	1083.32	609.72	1380.40	928.05	539.72	261.01	1286.84	1565.86	1448.76	814.31	635.73	830.77	62.52	822.46	165.20	470.77	775.05	704.50	1734.69	1157.57	1301.27	315.80	294.21	1936.95	1523.76	1796.16	1648.46	1521.12	1392.33	1664.40	520.89	1870.96	1061.94	841.69	347.51	368.60	1358.65		1477.17	1497.84
New Jersey	225.90	4634.45	891.85	137.95	1716.67	2238.93	1826.95	2946.53	327.09	3378.46	506.94	1980.79	686.82	535.09	1994.15	1232.38	143.82	196.97	1334.22	1791.18	868.30	1363.87	1390.39	769.62	1513.12	1238.36	979.82	1108.11	365.79	1210.87	781.04	1846.37	1832.62	3483.86	2622.88	427.27	279.57	492.75	286.63	3385.96	1378.38	3417.87	2513.95	2520.75	1507.36	1084.04	1041.20	1447.35		69.64
Delaware	277.19	4654.46	823.57	69.67	1689.30	2258.94	1846.96	2966.54	378.39	3351.10	478.43	2000.80	618.53	510.48	2522.17	1252.39	99.20	248.26	1735.64	1763.82	888.30	1336.50	1410.40	789.63	1533.12	1210.99	727.69	1128.12	417.09	1183.50	590.11	677.55	1805.25	3503.87	2595.51	478.56	330.86	424.46	218.35	3358.59	1398.39	3437.88	3046.44	2493.38	1527.36	1104.05	972.92	1467.36	70.44	
